67 0.14402 0.915045 0.178187 0.138956
67 0.161948 0.0676677 0.101534 0.135166
67 0.336853 0.425382 0.0949826 0.190018
67 0.0802809 0.0872521 0.100425 0.174504
67 0.139512 0.70699 0.103394 0.208821
67 0.318906 0.0318017 0.0776255 0.0636035
67 0.0273814 0.100333 0.0547629 0.200665
67 0.210768 0.653644 0.0903843 0.166147
67 0.466058 0.586387 0.100879 0.227181
67 0.508614 0.844719 0.147109 0.117237
67 0.476841 0.339315 0.0965057 0.202336
67 0.71505 0.244414 0.102603 0.193182
67 0.713601 0.933833 0.0878782 0.132335
67 0.0514916 0.740125 0.096794 0.177892
67 0.533438 0.534158 0.0883468 0.201585
67 0.403361 0.385391 0.101574 0.198015
67 0.0979615 0.51338 0.101437 0.187295
67 0.238363 0.0518406 0.0805907 0.103681
67 0.787087 0.499546 0.102946 0.202072
67 0.279195 0.552772 0.1506 0.390505
67 0.694004 0.49647 0.0823007 0.199088
67 0.298283 0.644444 0.110024 0.219734
67 0.164846 0.463593 0.112588 0.197071
67 0.796026 0.230744 0.102307 0.199097
67 0.792238 0.91403 0.0989633 0.17194
2 0.708511 0.0387636 0.139848 0.0775273
67 0.547808 0.299189 0.0900227 0.186856
67 0.0349523 0.55845 0.0697238 0.175554
