67 0.176925 0.616925 0.0400617 0.163917
67 0.08368 0.51331 0.090416 0.192288
67 0.0694809 0.142403 0.043704 0.193617
67 0.288797 0.614953 0.0420328 0.167497
67 0.238543 0.587749 0.0449235 0.22946
67 0.764555 0.133847 0.0424517 0.177433
67 0.341506 0.126283 0.0389996 0.163947
67 0.285899 0.120834 0.0418797 0.168524
67 0.984295 0.139492 0.0309498 0.186742
67 0.176435 0.106738 0.0382957 0.16631
67 0.790474 0.276424 0.105159 0.174584
67 0.39141 0.141401 0.0400104 0.160476
67 0.929077 0.127766 0.0441174 0.168463
67 0.350467 0.612496 0.0429571 0.176308
67 0.636601 0.614538 0.0469704 0.170625
67 0.878099 0.132225 0.0481241 0.176634
67 0.749077 0.625718 0.042268 0.178512
67 0.127598 0.126255 0.035939 0.159964
67 0.710305 0.137787 0.0437975 0.177259
67 0.542337 0.12772 0.0383851 0.170527
39 0.658684 0.118547 0.0397051 0.177863
67 0.403828 0.603202 0.0369617 0.176963
