67 0.345846 0.858984 0.078674 0.273365
2 0.907004 0.331129 0.0725575 0.151874
2 0.821874 0.337756 0.0925716 0.163308
2 0.0731494 0.325196 0.0825708 0.158933
2 0.777898 0.169746 0.0791263 0.126015
2 0.177589 0.312971 0.0784475 0.155137
67 0.575281 0.845461 0.0837871 0.296807
67 0.352064 0.317442 0.0608781 0.174608
67 0.443669 0.322925 0.0658428 0.176574
67 0.359322 0.139584 0.0627565 0.177759
2 0.856879 0.17688 0.0866718 0.132148
2 0.699672 0.160543 0.0643964 0.144769
2 0.948981 0.172657 0.0778194 0.16087
2 0.199489 0.139211 0.0836578 0.182991
67 0.796593 0.844042 0.109068 0.26134
2 0.0796686 0.851751 0.116372 0.261732
