67 0.192775 0.865126 0.0804938 0.221905
67 0.943591 0.863032 0.0928105 0.226125
67 0.592911 0.138812 0.0798305 0.236701
67 0.172221 0.134744 0.0693614 0.233484
67 0.478578 0.136883 0.0782683 0.249394
67 0.827538 0.865432 0.0894695 0.235331
67 0.284558 0.136907 0.0815267 0.248716
67 0.69053 0.138552 0.0795557 0.245602
67 0.382047 0.138244 0.078844 0.23914
67 0.29635 0.864367 0.0851729 0.234253
67 0.0814675 0.132199 0.0837872 0.25259
67 0.819222 0.584227 0.0887022 0.244153
67 0.396736 0.866137 0.0810997 0.233704
67 0.0432653 0.867339 0.0749482 0.233868
67 0.70447 0.584387 0.0823881 0.241439
67 0.70694 0.867731 0.0797397 0.233241
67 0.0118808 0.122062 0.0234259 0.186388
67 0.492539 0.588271 0.0828681 0.258363
67 0.618358 0.865752 0.0811008 0.238516
67 0.926868 0.583856 0.0889424 0.221561
67 0.496035 0.857896 0.085643 0.259895
67 0.395315 0.604732 0.088253 0.228007
67 0.60963 0.581868 0.0855808 0.236048
