67 0.734954 0.225402 0.0536369 0.213627
67 0.371093 0.761815 0.0508348 0.23637
67 0.0697341 0.742323 0.0618492 0.246981
67 0.218206 0.766438 0.0567958 0.238187
67 0.801779 0.219734 0.0712025 0.237846
67 0.880011 0.806566 0.0576786 0.282454
67 0.651095 0.196131 0.058446 0.259432
67 0.292544 0.763928 0.0518844 0.262875
67 0.371808 0.159597 0.0533355 0.241089
67 0.294615 0.173782 0.0568283 0.251245
67 0.649309 0.766061 0.0527258 0.234341
67 0.807567 0.799551 0.0585743 0.25232
67 0.959655 0.214144 0.0588096 0.199405
67 0.445869 0.759973 0.0529769 0.307004
67 0.576451 0.194319 0.0500908 0.220844
67 0.881399 0.218037 0.0610321 0.266572
67 0.9597 0.801003 0.0650539 0.258167
67 0.156263 0.148072 0.059921 0.248038
67 0.141608 0.791755 0.056017 0.202466
67 0.728191 0.79096 0.0521956 0.252725
67 0.507461 0.174215 0.0518105 0.202694
67 0.511005 0.777938 0.0590784 0.259875
67 0.0253943 0.803441 0.0504994 0.39242
