67 0.131356 0.534109 0.0421967 0.137573
67 0.189464 0.538521 0.0414249 0.12748
67 0.97244 0.817235 0.0551197 0.148297
67 0.384744 0.830172 0.0502917 0.144883
67 0.304832 0.284242 0.0391162 0.128327
67 0.315701 0.53886 0.0442153 0.153951
67 0.0813578 0.844762 0.0412176 0.146076
67 0.76888 0.846921 0.0509184 0.13082
67 0.704833 0.839155 0.0580896 0.151514
67 0.133625 0.287536 0.0453603 0.131011
67 0.0216365 0.839656 0.0427615 0.154728
67 0.454416 0.843925 0.0637932 0.151612
67 0.845119 0.835014 0.0590168 0.149521
67 0.192894 0.276734 0.0425344 0.130986
67 0.132999 0.155525 0.0424399 0.114577
5 0.789039 0.287512 0.0490326 0.125541
