67 0.205922 0.240016 0.0526419 0.220517
67 0.369163 0.786225 0.0608717 0.240698
67 0.0585711 0.795454 0.0595151 0.182201
67 0.358692 0.26314 0.0509955 0.205831
67 0.215973 0.775982 0.073399 0.223133
67 0.281972 0.250479 0.0509302 0.216239
67 0.702601 0.240145 0.0550444 0.227228
67 0.719199 0.780804 0.0562139 0.225032
67 0.701195 0.0557743 0.0526067 0.111549
67 0.135281 0.248185 0.059187 0.25502
67 0.44222 0.77876 0.0503275 0.215776
67 0.282887 0.759757 0.0589915 0.19787
67 0.630192 0.251406 0.0519342 0.210955
67 0.767641 0.049642 0.0494775 0.099284
67 0.554481 0.0559241 0.0547441 0.111848
67 0.423946 0.0563568 0.0499339 0.112714
67 0.631799 0.0548753 0.0469415 0.109751
67 0.558214 0.25692 0.0500971 0.268561
67 0.646452 0.792945 0.0528 0.230648
67 0.860495 0.790814 0.0581302 0.229795
67 0.84684 0.207593 0.0532928 0.177297
67 0.839214 0.0465476 0.0482365 0.0929287
67 0.487583 0.0508629 0.0494198 0.101726
67 0.136078 0.780464 0.0610345 0.241411
67 0.0598771 0.250531 0.0576647 0.22649
67 0.289606 0.0564637 0.0517607 0.112927
67 0.360258 0.0636783 0.0489347 0.127357
67 0.803856 0.967029 0.0586168 0.0659415
67 0.218719 0.0453108 0.0484829 0.0906216
