67 0.541212 0.166818 0.06886 0.293202
67 0.644724 0.799577 0.0697169 0.3272
67 0.746763 0.806677 0.071905 0.299342
67 0.647277 0.162274 0.0681849 0.320328
67 0.943814 0.805144 0.0809044 0.292507
67 0.439377 0.805759 0.0705602 0.293027
67 0.745331 0.165486 0.0694919 0.310067
67 0.43911 0.166185 0.072309 0.314219
67 0.851928 0.806331 0.0742123 0.298822
67 0.852411 0.193419 0.0658575 0.267553
67 0.958223 0.163858 0.0762651 0.326195
67 0.548494 0.802361 0.0627169 0.267348
67 0.34421 0.161611 0.0696609 0.318626
