67 0.578933 0.167104 0.041411 0.270488
67 0.63343 0.818075 0.0433703 0.267119
67 0.582252 0.82085 0.0473567 0.259852
67 0.861258 0.171619 0.0446175 0.284429
67 0.249758 0.144699 0.0403475 0.224808
67 0.138727 0.794862 0.0494916 0.311926
67 0.640178 0.161313 0.0365172 0.260129
67 0.470958 0.165449 0.039086 0.266885
67 0.53417 0.863961 0.0386323 0.272078
67 0.359138 0.165912 0.0395457 0.253695
67 0.803757 0.844767 0.0435166 0.273582
67 0.197184 0.805804 0.0422166 0.240736
67 0.80687 0.196571 0.0542748 0.278625
67 0.917749 0.182554 0.0465666 0.277553
67 0.478735 0.811236 0.0453543 0.31041
67 0.303281 0.79853 0.0374757 0.232195
67 0.696253 0.824045 0.0395841 0.246019
67 0.365663 0.817454 0.0387093 0.217355
67 0.419275 0.190068 0.040634 0.294179
67 0.695246 0.202021 0.0439099 0.283778
