67 0.641553 0.72554 0.0502018 0.228555
67 0.643478 0.472936 0.0468343 0.222197
67 0.309154 0.720961 0.0529257 0.237491
67 0.251803 0.736368 0.0523478 0.20026
67 0.57535 0.472406 0.0510141 0.232432
67 0.440848 0.723092 0.0499527 0.221166
67 0.71172 0.731646 0.0538333 0.218398
67 0.774176 0.741597 0.0509941 0.199273
67 0.508407 0.722021 0.0513957 0.227621
67 0.182132 0.73299 0.0485214 0.196628
67 0.70579 0.474712 0.0485839 0.22316
67 0.508446 0.472758 0.0452368 0.222222
67 0.118393 0.730364 0.0532387 0.199754
67 0.37726 0.711804 0.0507387 0.240705
67 0.904248 0.728864 0.0608025 0.225766
67 0.907133 0.475356 0.063419 0.215182
67 0.837173 0.733981 0.0566864 0.226777
67 0.841727 0.47406 0.066771 0.222537
67 0.973493 0.481135 0.052276 0.23148
67 0.969968 0.728984 0.0579448 0.221795
