5 0.337042 0.0516348 0.0582163 0.0985467
2 0.932231 0.339963 0.0952278 0.0985755
5 0.414227 0.0526032 0.058165 0.0908147
67 0.926116 0.875031 0.126144 0.192524
5 0.207286 0.361628 0.0814167 0.123835
2 0.843579 0.22888 0.0843544 0.085052
5 0.327975 0.368106 0.0651409 0.106764
5 0.266372 0.058898 0.0664491 0.0778232
5 0.644599 0.0486343 0.0598585 0.0676913
5 0.155927 0.659899 0.0876376 0.161532
0 0.393766 0.147705 0.0226096 0.0674571
5 0.196397 0.0541667 0.0583562 0.0655141
5 0.42121 0.361152 0.0669885 0.109832
2 0.125641 0.362539 0.0891249 0.102339
5 0.104748 0.0489604 0.0608222 0.0663697
2 0.735544 0.348917 0.0734435 0.104485
5 0.123697 0.845654 0.128029 0.194368
5 0.410652 0.243918 0.064719 0.107084
2 0.0590601 0.254481 0.0943174 0.091917
5 0.374285 0.686801 0.0875865 0.179598
