0 0.520972 0.845254 0.065054 0.298312
0 0.516737 0.13315 0.0556932 0.258873
0 0.443508 0.147346 0.0591223 0.266481
0 0.665554 0.871225 0.0599504 0.24736
0 0.3674 0.169725 0.0663567 0.243987
0 0.741955 0.860699 0.0561922 0.205785
0 0.593439 0.122179 0.0558723 0.233461
0 0.368737 0.842655 0.0623469 0.241102
0 0.670727 0.147946 0.0672635 0.25243
0 0.588694 0.85625 0.0621056 0.248716
0 0.818511 0.85537 0.0599273 0.25783
0 0.14402 0.915045 0.178187 0.138956
0 0.161948 0.0676677 0.101534 0.135166
0 0.336853 0.425382 0.0949826 0.190018
0 0.0802809 0.0872521 0.100425 0.174504
0 0.139512 0.70699 0.103394 0.208821
0 0.318906 0.0318017 0.0776255 0.0636035
0 0.0273814 0.100333 0.0547629 0.200665
0 0.210768 0.653644 0.0903843 0.166147
0 0.466058 0.586387 0.100879 0.227181
0 0.508614 0.844719 0.147109 0.117237
0 0.476841 0.339315 0.0965057 0.202336
0 0.71505 0.244414 0.102603 0.193182
0 0.713601 0.933833 0.0878782 0.132335
0 0.0514916 0.740125 0.096794 0.177892
0 0.533438 0.534158 0.0883468 0.201585
0 0.403361 0.385391 0.101574 0.198015
0 0.0979615 0.51338 0.101437 0.187295
0 0.238363 0.0518406 0.0805907 0.103681
0 0.787087 0.499546 0.102946 0.202072
0 0.279195 0.552772 0.1506 0.390505
0 0.694004 0.49647 0.0823007 0.199088
0 0.298283 0.644444 0.110024 0.219734
0 0.164846 0.463593 0.112588 0.197071
0 0.796026 0.230744 0.102307 0.199097
0 0.792238 0.91403 0.0989633 0.17194
2 0.708511 0.0387636 0.139848 0.0775273
0 0.547808 0.299189 0.0900227 0.186856
0 0.0349523 0.55845 0.0697238 0.175554
0 0.376438 0.434144 0.0721668 0.219933
0 0.273503 0.422439 0.0702034 0.239556
0 0.071353 0.72031 0.0877881 0.264168
0 0.374921 0.715024 0.0742045 0.249743
0 0.271598 0.712083 0.0746871 0.253676
0 0.576069 0.40644 0.0753315 0.269436
0 0.575946 0.718682 0.0750999 0.266078
0 0.175138 0.421929 0.0816048 0.245291
0 0.816551 0.873461 0.119638 0.22186
0 0.782812 0.411879 0.0678307 0.243839
0 0.789775 0.528822 0.129933 0.122012
0 0.778587 0.626385 0.136341 0.122668
0 0.788333 0.750206 0.136838 0.112197
0 0.79028 0.403001 0.13405 0.10529
0 0.787177 0.271829 0.133022 0.106707
0 0.806986 0.167195 0.142459 0.129515
0 0.811696 0.0579154 0.138123 0.114786
0 0.740146 0.224851 0.0478224 0.222862
0 0.612114 0.231183 0.0476072 0.210062
0 0.674523 0.200791 0.0441233 0.182848
0 0.795149 0.237514 0.0429493 0.149182
0 0.858947 0.459628 0.0505329 0.199485
0 0.680798 0.429394 0.0393375 0.1837
0 0.551679 0.226086 0.0453726 0.173247
0 0.856276 0.224859 0.0505566 0.183582
0 0.176925 0.616925 0.0400617 0.163917
0 0.08368 0.51331 0.090416 0.192288
0 0.0694809 0.142403 0.043704 0.193617
0 0.288797 0.614953 0.0420328 0.167497
0 0.238543 0.587749 0.0449235 0.22946
0 0.764555 0.133847 0.0424517 0.177433
0 0.341506 0.126283 0.0389996 0.163947
0 0.285899 0.120834 0.0418797 0.168524
0 0.984295 0.139492 0.0309498 0.186742
0 0.176435 0.106738 0.0382957 0.16631
0 0.790474 0.276424 0.105159 0.174584
0 0.39141 0.141401 0.0400104 0.160476
0 0.929077 0.127766 0.0441174 0.168463
0 0.350467 0.612496 0.0429571 0.176308
0 0.636601 0.614538 0.0469704 0.170625
0 0.878099 0.132225 0.0481241 0.176634
0 0.749077 0.625718 0.042268 0.178512
0 0.127598 0.126255 0.035939 0.159964
0 0.710305 0.137787 0.0437975 0.177259
0 0.542337 0.12772 0.0383851 0.170527
39 0.658684 0.118547 0.0397051 0.177863
0 0.403828 0.603202 0.0369617 0.176963
0 0.584164 0.761398 0.110027 0.464903
0 0.922917 0.792972 0.113031 0.400584
0 0.430658 0.807038 0.106425 0.379917
0 0.745441 0.790074 0.109093 0.413653
0 0.0848874 0.800009 0.106881 0.381766
0 0.251859 0.797357 0.105836 0.401907
0 0.345846 0.858984 0.078674 0.273365
2 0.907004 0.331129 0.0725575 0.151874
2 0.821874 0.337756 0.0925716 0.163308
2 0.0731494 0.325196 0.0825708 0.158933
2 0.777898 0.169746 0.0791263 0.126015
2 0.177589 0.312971 0.0784475 0.155137
0 0.575281 0.845461 0.0837871 0.296807
0 0.352064 0.317442 0.0608781 0.174608
0 0.443669 0.322925 0.0658428 0.176574
0 0.359322 0.139584 0.0627565 0.177759
2 0.856879 0.17688 0.0866718 0.132148
2 0.699672 0.160543 0.0643964 0.144769
2 0.948981 0.172657 0.0778194 0.16087
2 0.199489 0.139211 0.0836578 0.182991
0 0.796593 0.844042 0.109068 0.26134
2 0.0796686 0.851751 0.116372 0.261732
0 0.136759 0.625794 0.222111 0.268212
0 0.192775 0.865126 0.0804938 0.221905
0 0.943591 0.863032 0.0928105 0.226125
0 0.592911 0.138812 0.0798305 0.236701
0 0.172221 0.134744 0.0693614 0.233484
0 0.478578 0.136883 0.0782683 0.249394
0 0.827538 0.865432 0.0894695 0.235331
0 0.284558 0.136907 0.0815267 0.248716
0 0.69053 0.138552 0.0795557 0.245602
0 0.382047 0.138244 0.078844 0.23914
0 0.29635 0.864367 0.0851729 0.234253
0 0.0814675 0.132199 0.0837872 0.25259
0 0.819222 0.584227 0.0887022 0.244153
0 0.396736 0.866137 0.0810997 0.233704
0 0.0432653 0.867339 0.0749482 0.233868
0 0.70447 0.584387 0.0823881 0.241439
0 0.70694 0.867731 0.0797397 0.233241
0 0.0118808 0.122062 0.0234259 0.186388
0 0.492539 0.588271 0.0828681 0.258363
0 0.618358 0.865752 0.0811008 0.238516
0 0.926868 0.583856 0.0889424 0.221561
0 0.496035 0.857896 0.085643 0.259895
0 0.395315 0.604732 0.088253 0.228007
0 0.60963 0.581868 0.0855808 0.236048
0 0.646227 0.818863 0.0437326 0.272551
0 0.955395 0.13786 0.0510921 0.268047
0 0.522878 0.802887 0.0425324 0.274914
0 0.220841 0.823531 0.0480864 0.278143
0 0.899415 0.827731 0.0497719 0.270139
0 0.587361 0.801623 0.0409882 0.273477
0 0.772291 0.806294 0.0448984 0.277051
0 0.890783 0.139871 0.0473776 0.264579
0 0.38618 0.536878 0.158921 0.342806
0 0.0943442 0.513117 0.185531 0.146503
0 0.12607 0.725707 0.189873 0.148449
0 0.44467 0.518159 0.128218 0.31371
0 0.557087 0.564731 0.142051 0.303456
0 0.789535 0.692567 0.132493 0.317479
0 0.327609 0.476862 0.127606 0.303715
0 0.90829 0.718119 0.116523 0.307594
0 0.219627 0.417471 0.132168 0.301758
2 0.179928 0.785846 0.0662657 0.267757
2 0.36099 0.783042 0.0756644 0.301068
0 0.348664 0.131815 0.066981 0.259871
2 0.646382 0.799418 0.0847114 0.373169
2 0.553644 0.799216 0.0941059 0.369881
0 0.734954 0.225402 0.0536369 0.213627
0 0.371093 0.761815 0.0508348 0.23637
0 0.0697341 0.742323 0.0618492 0.246981
0 0.218206 0.766438 0.0567958 0.238187
0 0.801779 0.219734 0.0712025 0.237846
0 0.880011 0.806566 0.0576786 0.282454
0 0.651095 0.196131 0.058446 0.259432
0 0.292544 0.763928 0.0518844 0.262875
0 0.371808 0.159597 0.0533355 0.241089
0 0.294615 0.173782 0.0568283 0.251245
0 0.649309 0.766061 0.0527258 0.234341
0 0.807567 0.799551 0.0585743 0.25232
0 0.959655 0.214144 0.0588096 0.199405
0 0.445869 0.759973 0.0529769 0.307004
0 0.576451 0.194319 0.0500908 0.220844
0 0.881399 0.218037 0.0610321 0.266572
0 0.9597 0.801003 0.0650539 0.258167
0 0.156263 0.148072 0.059921 0.248038
0 0.141608 0.791755 0.056017 0.202466
0 0.728191 0.79096 0.0521956 0.252725
0 0.507461 0.174215 0.0518105 0.202694
0 0.511005 0.777938 0.0590784 0.259875
0 0.0253943 0.803441 0.0504994 0.39242
0 0.42491 0.692712 0.148262 0.313862
0 0.878925 0.458616 0.18851 0.134804
0 0.153047 0.671756 0.173691 0.133873
0 0.90674 0.288433 0.178293 0.127986
0 0.641211 0.658665 0.196125 0.148224
0 0.131356 0.534109 0.0421967 0.137573
0 0.189464 0.538521 0.0414249 0.12748
0 0.97244 0.817235 0.0551197 0.148297
0 0.384744 0.830172 0.0502917 0.144883
0 0.304832 0.284242 0.0391162 0.128327
0 0.315701 0.53886 0.0442153 0.153951
0 0.0813578 0.844762 0.0412176 0.146076
0 0.76888 0.846921 0.0509184 0.13082
0 0.704833 0.839155 0.0580896 0.151514
0 0.133625 0.287536 0.0453603 0.131011
0 0.0216365 0.839656 0.0427615 0.154728
0 0.454416 0.843925 0.0637932 0.151612
0 0.845119 0.835014 0.0590168 0.149521
0 0.192894 0.276734 0.0425344 0.130986
0 0.132999 0.155525 0.0424399 0.114577
5 0.789039 0.287512 0.0490326 0.125541
0 0.205922 0.240016 0.0526419 0.220517
0 0.369163 0.786225 0.0608717 0.240698
0 0.0585711 0.795454 0.0595151 0.182201
0 0.358692 0.26314 0.0509955 0.205831
0 0.215973 0.775982 0.073399 0.223133
0 0.281972 0.250479 0.0509302 0.216239
0 0.702601 0.240145 0.0550444 0.227228
0 0.719199 0.780804 0.0562139 0.225032
0 0.701195 0.0557743 0.0526067 0.111549
0 0.135281 0.248185 0.059187 0.25502
0 0.44222 0.77876 0.0503275 0.215776
0 0.282887 0.759757 0.0589915 0.19787
0 0.630192 0.251406 0.0519342 0.210955
0 0.767641 0.049642 0.0494775 0.099284
0 0.554481 0.0559241 0.0547441 0.111848
0 0.423946 0.0563568 0.0499339 0.112714
0 0.631799 0.0548753 0.0469415 0.109751
0 0.558214 0.25692 0.0500971 0.268561
0 0.646452 0.792945 0.0528 0.230648
0 0.860495 0.790814 0.0581302 0.229795
0 0.84684 0.207593 0.0532928 0.177297
0 0.839214 0.0465476 0.0482365 0.0929287
0 0.487583 0.0508629 0.0494198 0.101726
0 0.136078 0.780464 0.0610345 0.241411
0 0.0598771 0.250531 0.0576647 0.22649
0 0.289606 0.0564637 0.0517607 0.112927
0 0.360258 0.0636783 0.0489347 0.127357
0 0.803856 0.967029 0.0586168 0.0659415
0 0.218719 0.0453108 0.0484829 0.0906216
0 0.541212 0.166818 0.06886 0.293202
0 0.644724 0.799577 0.0697169 0.3272
0 0.746763 0.806677 0.071905 0.299342
0 0.647277 0.162274 0.0681849 0.320328
0 0.943814 0.805144 0.0809044 0.292507
0 0.439377 0.805759 0.0705602 0.293027
0 0.745331 0.165486 0.0694919 0.310067
0 0.43911 0.166185 0.072309 0.314219
0 0.851928 0.806331 0.0742123 0.298822
0 0.852411 0.193419 0.0658575 0.267553
0 0.958223 0.163858 0.0762651 0.326195
0 0.548494 0.802361 0.0627169 0.267348
0 0.34421 0.161611 0.0696609 0.318626
0 0.624869 0.556214 0.0650649 0.214021
0 0.505351 0.548148 0.0650776 0.212763
0 0.509966 0.837333 0.0644545 0.209564
0 0.392115 0.562262 0.0726855 0.215529
0 0.613474 0.828571 0.0656788 0.215029
0 0.723911 0.566539 0.0838938 0.2164
5 0.62572 0.135177 0.0771456 0.2037
2 0.358311 0.805443 0.0830768 0.234531
5 0.943137 0.143038 0.0733665 0.202613
2 0.485141 0.339259 0.0834648 0.234574
2 0.646113 0.834113 0.0892908 0.241218
2 0.970584 0.366784 0.0578746 0.214183
2 0.728446 0.792121 0.104195 0.25591
2 0.548385 0.806237 0.0737806 0.22409
5 0.573336 0.336015 0.0821037 0.232036
2 0.821727 0.817434 0.096061 0.264309
2 0.824798 0.317097 0.0865854 0.226223
2 0.459177 0.823378 0.0826641 0.24157
5 0.110375 0.618784 0.0451536 0.404306
5 0.0445168 0.644447 0.0473302 0.412996
0 0.938618 0.148448 0.0618967 0.257244
0 0.845553 0.166974 0.06604 0.30563
0 0.041601 0.16121 0.0719331 0.2591
0 0.128961 0.173215 0.0714625 0.274316
0 0.212021 0.194187 0.063546 0.271503
0 0.307306 0.805804 0.078129 0.299973
0 0.861387 0.802923 0.0652668 0.281306
0 0.578933 0.167104 0.041411 0.270488
0 0.63343 0.818075 0.0433703 0.267119
0 0.582252 0.82085 0.0473567 0.259852
0 0.861258 0.171619 0.0446175 0.284429
0 0.249758 0.144699 0.0403475 0.224808
0 0.138727 0.794862 0.0494916 0.311926
0 0.640178 0.161313 0.0365172 0.260129
0 0.470958 0.165449 0.039086 0.266885
0 0.53417 0.863961 0.0386323 0.272078
0 0.359138 0.165912 0.0395457 0.253695
0 0.803757 0.844767 0.0435166 0.273582
0 0.197184 0.805804 0.0422166 0.240736
0 0.80687 0.196571 0.0542748 0.278625
0 0.917749 0.182554 0.0465666 0.277553
0 0.478735 0.811236 0.0453543 0.31041
0 0.303281 0.79853 0.0374757 0.232195
0 0.696253 0.824045 0.0395841 0.246019
0 0.365663 0.817454 0.0387093 0.217355
0 0.419275 0.190068 0.040634 0.294179
0 0.695246 0.202021 0.0439099 0.283778
0 0.641553 0.72554 0.0502018 0.228555
0 0.643478 0.472936 0.0468343 0.222197
0 0.309154 0.720961 0.0529257 0.237491
0 0.251803 0.736368 0.0523478 0.20026
0 0.57535 0.472406 0.0510141 0.232432
0 0.440848 0.723092 0.0499527 0.221166
0 0.71172 0.731646 0.0538333 0.218398
0 0.774176 0.741597 0.0509941 0.199273
0 0.508407 0.722021 0.0513957 0.227621
0 0.182132 0.73299 0.0485214 0.196628
0 0.70579 0.474712 0.0485839 0.22316
0 0.508446 0.472758 0.0452368 0.222222
0 0.118393 0.730364 0.0532387 0.199754
0 0.37726 0.711804 0.0507387 0.240705
0 0.904248 0.728864 0.0608025 0.225766
0 0.907133 0.475356 0.063419 0.215182
0 0.837173 0.733981 0.0566864 0.226777
0 0.841727 0.47406 0.066771 0.222537
0 0.973493 0.481135 0.052276 0.23148
0 0.969968 0.728984 0.0579448 0.221795
5 0.337042 0.0516348 0.0582163 0.0985467
2 0.932231 0.339963 0.0952278 0.0985755
5 0.414227 0.0526032 0.058165 0.0908147
0 0.926116 0.875031 0.126144 0.192524
5 0.207286 0.361628 0.0814167 0.123835
2 0.843579 0.22888 0.0843544 0.085052
5 0.327975 0.368106 0.0651409 0.106764
5 0.266372 0.058898 0.0664491 0.0778232
5 0.644599 0.0486343 0.0598585 0.0676913
5 0.155927 0.659899 0.0876376 0.161532
0 0.393766 0.147705 0.0226096 0.0674571
5 0.196397 0.0541667 0.0583562 0.0655141
5 0.42121 0.361152 0.0669885 0.109832
2 0.125641 0.362539 0.0891249 0.102339
5 0.104748 0.0489604 0.0608222 0.0663697
2 0.735544 0.348917 0.0734435 0.104485
5 0.123697 0.845654 0.128029 0.194368
5 0.410652 0.243918 0.064719 0.107084
2 0.0590601 0.254481 0.0943174 0.091917
5 0.374285 0.686801 0.0875865 0.179598
0 0.410397 0.751653 0.0392538 0.151561
2 0.668488 0.339835 0.069984 0.115837
2 0.964464 0.273038 0.0696148 0.108828
2 0.942998 0.67843 0.0635012 0.142681
0 0.030285 0.476596 0.0601649 0.126776
2 0.618884 0.410679 0.0662647 0.11474
0 0.357758 0.757375 0.0360194 0.154141
0 0.255048 0.785096 0.0367646 0.160735
0 0.193372 0.793899 0.0468861 0.193336
2 0.985128 0.19631 0.0292515 0.0913575
0 0.679657 0.714632 0.223591 0.18069
0 0.548432 0.483556 0.172118 0.125936
0 0.555542 0.664345 0.171397 0.138654
0 0.394301 0.655242 0.203158 0.154983
0 0.799441 0.553599 0.171162 0.13686
2 0.771024 0.6035 0.155371 0.191976
2 0.764413 0.410925 0.132082 0.217666
2 0.497585 0.202023 0.108792 0.139484
2 0.629943 0.49467 0.111468 0.222542
0 0.331136 0.667069 0.100554 0.266478
2 0.427905 0.82456 0.202719 0.251746
0 0.146149 0.782548 0.0873513 0.276987
2 0.21272 0.0768569 0.0694512 0.153714
2 0.0820368 0.121293 0.0648514 0.176947
